 0.138108E+01   0.260289E+00   0.962704E+03  -0.575403E+00   0.145414E+01   0.296124E+00
 0.138668E+01   0.261872E+00   0.988037E+03  -0.564350E+00   0.146897E+01   0.360091E+00
 0.138077E+01   0.254319E+00   0.985354E+03  -0.566144E+00   0.146616E+01   0.281917E+00
 0.138558E+01   0.262492E+00   0.100917E+04  -0.638530E+00   0.131801E+01   0.394813E+00
 0.138083E+01   0.256458E+00   0.989224E+03  -0.550906E+00   0.150232E+01   0.348495E+00
 0.138375E+01   0.258710E+00   0.102362E+04  -0.695860E+00   0.122119E+01   0.394974E+00
 0.138053E+01   0.247202E+00   0.954209E+03  -0.627392E+00   0.134221E+01   0.328738E+00
 0.138412E+01   0.254036E+00   0.949682E+03  -0.598097E+00   0.140123E+01   0.274476E+00
 0.138643E+01   0.253552E+00   0.954139E+03  -0.617630E+00   0.135948E+01   0.275313E+00
 0.138616E+01   0.262545E+00   0.996645E+03  -0.619589E+00   0.135439E+01   0.344905E+00
