 0.254286E+00  -0.148198E+07  -0.943245E-03  -0.257752E-06
 0.254286E+00  -0.148198E+07  -0.943245E-03  -0.257752E-06
 0.257838E+00  -0.148229E+07  -0.903824E-03  -0.259952E-06
 0.257838E+00  -0.148229E+07  -0.903824E-03  -0.259952E-06
 0.257838E+00  -0.148229E+07  -0.903824E-03  -0.259952E-06
 0.254286E+00  -0.148198E+07  -0.943245E-03  -0.257752E-06
 0.254286E+00  -0.148198E+07  -0.943245E-03  -0.257752E-06
 0.254286E+00  -0.148198E+07  -0.943245E-03  -0.257752E-06
 0.257838E+00  -0.148229E+07  -0.903824E-03  -0.259952E-06

 0.254286E+00  -0.148198E+07  -0.943245E-03  -0.257752E-06
